{
 "cells": [
  {
   "cell_type": "markdown",
   "metadata": {},
   "source": [
    "### Distancias"
   ]
  },
  {
   "cell_type": "code",
   "execution_count": 1,
   "metadata": {},
   "outputs": [],
   "source": [
    "from scipy.spatial import distance_matrix"
   ]
  },
  {
   "cell_type": "code",
   "execution_count": 2,
   "metadata": {},
   "outputs": [],
   "source": [
    "import pandas as pd"
   ]
  },
  {
   "cell_type": "code",
   "execution_count": 3,
   "metadata": {},
   "outputs": [],
   "source": [
    "df= pd.read_csv(\"Hola/python-ml-course-master/datasets/movies/movies.csv\", sep=\";\")"
   ]
  },
  {
   "cell_type": "code",
   "execution_count": 4,
   "metadata": {},
   "outputs": [
    {
     "data": {
      "text/html": [
       "<div>\n",
       "<style scoped>\n",
       "    .dataframe tbody tr th:only-of-type {\n",
       "        vertical-align: middle;\n",
       "    }\n",
       "\n",
       "    .dataframe tbody tr th {\n",
       "        vertical-align: top;\n",
       "    }\n",
       "\n",
       "    .dataframe thead th {\n",
       "        text-align: right;\n",
       "    }\n",
       "</style>\n",
       "<table border=\"1\" class=\"dataframe\">\n",
       "  <thead>\n",
       "    <tr style=\"text-align: right;\">\n",
       "      <th></th>\n",
       "      <th>user_id</th>\n",
       "      <th>star_wars</th>\n",
       "      <th>lord_of_the_rings</th>\n",
       "      <th>harry_potter</th>\n",
       "    </tr>\n",
       "  </thead>\n",
       "  <tbody>\n",
       "    <tr>\n",
       "      <th>0</th>\n",
       "      <td>1</td>\n",
       "      <td>1.2</td>\n",
       "      <td>4.9</td>\n",
       "      <td>2.1</td>\n",
       "    </tr>\n",
       "    <tr>\n",
       "      <th>1</th>\n",
       "      <td>2</td>\n",
       "      <td>2.1</td>\n",
       "      <td>8.1</td>\n",
       "      <td>7.9</td>\n",
       "    </tr>\n",
       "    <tr>\n",
       "      <th>2</th>\n",
       "      <td>3</td>\n",
       "      <td>7.4</td>\n",
       "      <td>3.0</td>\n",
       "      <td>9.9</td>\n",
       "    </tr>\n",
       "    <tr>\n",
       "      <th>3</th>\n",
       "      <td>4</td>\n",
       "      <td>5.6</td>\n",
       "      <td>0.5</td>\n",
       "      <td>1.8</td>\n",
       "    </tr>\n",
       "    <tr>\n",
       "      <th>4</th>\n",
       "      <td>5</td>\n",
       "      <td>1.5</td>\n",
       "      <td>8.3</td>\n",
       "      <td>2.6</td>\n",
       "    </tr>\n",
       "  </tbody>\n",
       "</table>\n",
       "</div>"
      ],
      "text/plain": [
       "   user_id  star_wars  lord_of_the_rings  harry_potter\n",
       "0        1        1.2                4.9           2.1\n",
       "1        2        2.1                8.1           7.9\n",
       "2        3        7.4                3.0           9.9\n",
       "3        4        5.6                0.5           1.8\n",
       "4        5        1.5                8.3           2.6"
      ]
     },
     "execution_count": 4,
     "metadata": {},
     "output_type": "execute_result"
    }
   ],
   "source": [
    "df.head()"
   ]
  },
  {
   "cell_type": "code",
   "execution_count": 5,
   "metadata": {},
   "outputs": [],
   "source": [
    "movies= df.columns.values.tolist()[1:]"
   ]
  },
  {
   "cell_type": "code",
   "execution_count": 6,
   "metadata": {},
   "outputs": [
    {
     "data": {
      "text/plain": [
       "['star_wars', 'lord_of_the_rings', 'harry_potter']"
      ]
     },
     "execution_count": 6,
     "metadata": {},
     "output_type": "execute_result"
    }
   ],
   "source": [
    "movies"
   ]
  },
  {
   "cell_type": "code",
   "execution_count": 7,
   "metadata": {},
   "outputs": [],
   "source": [
    "dd1 = distance_matrix(df[movies],df[movies], p=1)\n",
    "dd2 = distance_matrix(df[movies],df[movies], p=2)\n",
    "dd10 = distance_matrix(df[movies],df[movies], p=10)"
   ]
  },
  {
   "cell_type": "code",
   "execution_count": 8,
   "metadata": {},
   "outputs": [
    {
     "data": {
      "text/plain": [
       "array([[ 0. ,  9.9, 15.9,  9.1,  4.2,  6.9, 10.5,  7.4,  5.6,  0.7],\n",
       "       [ 9.9,  0. , 12.4, 17.2,  6.1,  6.2,  0.8,  4.9, 11.7,  9.6],\n",
       "       [15.9, 12.4,  0. , 12.4, 18.5,  9. , 12. , 17.3, 12.9, 15.2],\n",
       "       [ 9.1, 17.2, 12.4,  0. , 12.7, 11. , 18. , 15.3,  5.5,  8.8],\n",
       "       [ 4.2,  6.1, 18.5, 12.7,  0. ,  9.5,  6.5,  3.2,  8.2,  3.9],\n",
       "       [ 6.9,  6.2,  9. , 11. ,  9.5,  0. ,  7. ,  8.3,  5.5,  6.2],\n",
       "       [10.5,  0.8, 12. , 18. ,  6.5,  7. ,  0. ,  5.3, 12.5, 10.2],\n",
       "       [ 7.4,  4.9, 17.3, 15.3,  3.2,  8.3,  5.3,  0. ,  9.8,  7.1],\n",
       "       [ 5.6, 11.7, 12.9,  5.5,  8.2,  5.5, 12.5,  9.8,  0. ,  4.9],\n",
       "       [ 0.7,  9.6, 15.2,  8.8,  3.9,  6.2, 10.2,  7.1,  4.9,  0. ]])"
      ]
     },
     "execution_count": 8,
     "metadata": {},
     "output_type": "execute_result"
    }
   ],
   "source": [
    "dd1"
   ]
  },
  {
   "cell_type": "code",
   "execution_count": 9,
   "metadata": {},
   "outputs": [],
   "source": [
    "def dm_to_df (dd, col_name):\n",
    "    import pandas as pd\n",
    "    return pd.DataFrame(dd, index=col_name, columns=col_name)"
   ]
  },
  {
   "cell_type": "code",
   "execution_count": 10,
   "metadata": {},
   "outputs": [
    {
     "data": {
      "text/html": [
       "<div>\n",
       "<style scoped>\n",
       "    .dataframe tbody tr th:only-of-type {\n",
       "        vertical-align: middle;\n",
       "    }\n",
       "\n",
       "    .dataframe tbody tr th {\n",
       "        vertical-align: top;\n",
       "    }\n",
       "\n",
       "    .dataframe thead th {\n",
       "        text-align: right;\n",
       "    }\n",
       "</style>\n",
       "<table border=\"1\" class=\"dataframe\">\n",
       "  <thead>\n",
       "    <tr style=\"text-align: right;\">\n",
       "      <th>user_id</th>\n",
       "      <th>1</th>\n",
       "      <th>2</th>\n",
       "      <th>3</th>\n",
       "      <th>4</th>\n",
       "      <th>5</th>\n",
       "      <th>6</th>\n",
       "      <th>7</th>\n",
       "      <th>8</th>\n",
       "      <th>9</th>\n",
       "      <th>10</th>\n",
       "    </tr>\n",
       "    <tr>\n",
       "      <th>user_id</th>\n",
       "      <th></th>\n",
       "      <th></th>\n",
       "      <th></th>\n",
       "      <th></th>\n",
       "      <th></th>\n",
       "      <th></th>\n",
       "      <th></th>\n",
       "      <th></th>\n",
       "      <th></th>\n",
       "      <th></th>\n",
       "    </tr>\n",
       "  </thead>\n",
       "  <tbody>\n",
       "    <tr>\n",
       "      <th>1</th>\n",
       "      <td>0.0</td>\n",
       "      <td>9.9</td>\n",
       "      <td>15.9</td>\n",
       "      <td>9.1</td>\n",
       "      <td>4.2</td>\n",
       "      <td>6.9</td>\n",
       "      <td>10.5</td>\n",
       "      <td>7.4</td>\n",
       "      <td>5.6</td>\n",
       "      <td>0.7</td>\n",
       "    </tr>\n",
       "    <tr>\n",
       "      <th>2</th>\n",
       "      <td>9.9</td>\n",
       "      <td>0.0</td>\n",
       "      <td>12.4</td>\n",
       "      <td>17.2</td>\n",
       "      <td>6.1</td>\n",
       "      <td>6.2</td>\n",
       "      <td>0.8</td>\n",
       "      <td>4.9</td>\n",
       "      <td>11.7</td>\n",
       "      <td>9.6</td>\n",
       "    </tr>\n",
       "    <tr>\n",
       "      <th>3</th>\n",
       "      <td>15.9</td>\n",
       "      <td>12.4</td>\n",
       "      <td>0.0</td>\n",
       "      <td>12.4</td>\n",
       "      <td>18.5</td>\n",
       "      <td>9.0</td>\n",
       "      <td>12.0</td>\n",
       "      <td>17.3</td>\n",
       "      <td>12.9</td>\n",
       "      <td>15.2</td>\n",
       "    </tr>\n",
       "    <tr>\n",
       "      <th>4</th>\n",
       "      <td>9.1</td>\n",
       "      <td>17.2</td>\n",
       "      <td>12.4</td>\n",
       "      <td>0.0</td>\n",
       "      <td>12.7</td>\n",
       "      <td>11.0</td>\n",
       "      <td>18.0</td>\n",
       "      <td>15.3</td>\n",
       "      <td>5.5</td>\n",
       "      <td>8.8</td>\n",
       "    </tr>\n",
       "    <tr>\n",
       "      <th>5</th>\n",
       "      <td>4.2</td>\n",
       "      <td>6.1</td>\n",
       "      <td>18.5</td>\n",
       "      <td>12.7</td>\n",
       "      <td>0.0</td>\n",
       "      <td>9.5</td>\n",
       "      <td>6.5</td>\n",
       "      <td>3.2</td>\n",
       "      <td>8.2</td>\n",
       "      <td>3.9</td>\n",
       "    </tr>\n",
       "    <tr>\n",
       "      <th>6</th>\n",
       "      <td>6.9</td>\n",
       "      <td>6.2</td>\n",
       "      <td>9.0</td>\n",
       "      <td>11.0</td>\n",
       "      <td>9.5</td>\n",
       "      <td>0.0</td>\n",
       "      <td>7.0</td>\n",
       "      <td>8.3</td>\n",
       "      <td>5.5</td>\n",
       "      <td>6.2</td>\n",
       "    </tr>\n",
       "    <tr>\n",
       "      <th>7</th>\n",
       "      <td>10.5</td>\n",
       "      <td>0.8</td>\n",
       "      <td>12.0</td>\n",
       "      <td>18.0</td>\n",
       "      <td>6.5</td>\n",
       "      <td>7.0</td>\n",
       "      <td>0.0</td>\n",
       "      <td>5.3</td>\n",
       "      <td>12.5</td>\n",
       "      <td>10.2</td>\n",
       "    </tr>\n",
       "    <tr>\n",
       "      <th>8</th>\n",
       "      <td>7.4</td>\n",
       "      <td>4.9</td>\n",
       "      <td>17.3</td>\n",
       "      <td>15.3</td>\n",
       "      <td>3.2</td>\n",
       "      <td>8.3</td>\n",
       "      <td>5.3</td>\n",
       "      <td>0.0</td>\n",
       "      <td>9.8</td>\n",
       "      <td>7.1</td>\n",
       "    </tr>\n",
       "    <tr>\n",
       "      <th>9</th>\n",
       "      <td>5.6</td>\n",
       "      <td>11.7</td>\n",
       "      <td>12.9</td>\n",
       "      <td>5.5</td>\n",
       "      <td>8.2</td>\n",
       "      <td>5.5</td>\n",
       "      <td>12.5</td>\n",
       "      <td>9.8</td>\n",
       "      <td>0.0</td>\n",
       "      <td>4.9</td>\n",
       "    </tr>\n",
       "    <tr>\n",
       "      <th>10</th>\n",
       "      <td>0.7</td>\n",
       "      <td>9.6</td>\n",
       "      <td>15.2</td>\n",
       "      <td>8.8</td>\n",
       "      <td>3.9</td>\n",
       "      <td>6.2</td>\n",
       "      <td>10.2</td>\n",
       "      <td>7.1</td>\n",
       "      <td>4.9</td>\n",
       "      <td>0.0</td>\n",
       "    </tr>\n",
       "  </tbody>\n",
       "</table>\n",
       "</div>"
      ],
      "text/plain": [
       "user_id    1     2     3     4     5     6     7     8     9     10\n",
       "user_id                                                            \n",
       "1         0.0   9.9  15.9   9.1   4.2   6.9  10.5   7.4   5.6   0.7\n",
       "2         9.9   0.0  12.4  17.2   6.1   6.2   0.8   4.9  11.7   9.6\n",
       "3        15.9  12.4   0.0  12.4  18.5   9.0  12.0  17.3  12.9  15.2\n",
       "4         9.1  17.2  12.4   0.0  12.7  11.0  18.0  15.3   5.5   8.8\n",
       "5         4.2   6.1  18.5  12.7   0.0   9.5   6.5   3.2   8.2   3.9\n",
       "6         6.9   6.2   9.0  11.0   9.5   0.0   7.0   8.3   5.5   6.2\n",
       "7        10.5   0.8  12.0  18.0   6.5   7.0   0.0   5.3  12.5  10.2\n",
       "8         7.4   4.9  17.3  15.3   3.2   8.3   5.3   0.0   9.8   7.1\n",
       "9         5.6  11.7  12.9   5.5   8.2   5.5  12.5   9.8   0.0   4.9\n",
       "10        0.7   9.6  15.2   8.8   3.9   6.2  10.2   7.1   4.9   0.0"
      ]
     },
     "execution_count": 10,
     "metadata": {},
     "output_type": "execute_result"
    }
   ],
   "source": [
    "dm_to_df(dd1, df[\"user_id\"])"
   ]
  },
  {
   "cell_type": "code",
   "execution_count": 11,
   "metadata": {},
   "outputs": [
    {
     "data": {
      "text/html": [
       "<div>\n",
       "<style scoped>\n",
       "    .dataframe tbody tr th:only-of-type {\n",
       "        vertical-align: middle;\n",
       "    }\n",
       "\n",
       "    .dataframe tbody tr th {\n",
       "        vertical-align: top;\n",
       "    }\n",
       "\n",
       "    .dataframe thead th {\n",
       "        text-align: right;\n",
       "    }\n",
       "</style>\n",
       "<table border=\"1\" class=\"dataframe\">\n",
       "  <thead>\n",
       "    <tr style=\"text-align: right;\">\n",
       "      <th>user_id</th>\n",
       "      <th>1</th>\n",
       "      <th>2</th>\n",
       "      <th>3</th>\n",
       "      <th>4</th>\n",
       "      <th>5</th>\n",
       "      <th>6</th>\n",
       "      <th>7</th>\n",
       "      <th>8</th>\n",
       "      <th>9</th>\n",
       "      <th>10</th>\n",
       "    </tr>\n",
       "    <tr>\n",
       "      <th>user_id</th>\n",
       "      <th></th>\n",
       "      <th></th>\n",
       "      <th></th>\n",
       "      <th></th>\n",
       "      <th></th>\n",
       "      <th></th>\n",
       "      <th></th>\n",
       "      <th></th>\n",
       "      <th></th>\n",
       "      <th></th>\n",
       "    </tr>\n",
       "  </thead>\n",
       "  <tbody>\n",
       "    <tr>\n",
       "      <th>1</th>\n",
       "      <td>0.0</td>\n",
       "      <td>9.9</td>\n",
       "      <td>15.9</td>\n",
       "      <td>9.1</td>\n",
       "      <td>4.2</td>\n",
       "      <td>6.9</td>\n",
       "      <td>10.5</td>\n",
       "      <td>7.4</td>\n",
       "      <td>5.6</td>\n",
       "      <td>0.7</td>\n",
       "    </tr>\n",
       "    <tr>\n",
       "      <th>2</th>\n",
       "      <td>9.9</td>\n",
       "      <td>0.0</td>\n",
       "      <td>12.4</td>\n",
       "      <td>17.2</td>\n",
       "      <td>6.1</td>\n",
       "      <td>6.2</td>\n",
       "      <td>0.8</td>\n",
       "      <td>4.9</td>\n",
       "      <td>11.7</td>\n",
       "      <td>9.6</td>\n",
       "    </tr>\n",
       "    <tr>\n",
       "      <th>3</th>\n",
       "      <td>15.9</td>\n",
       "      <td>12.4</td>\n",
       "      <td>0.0</td>\n",
       "      <td>12.4</td>\n",
       "      <td>18.5</td>\n",
       "      <td>9.0</td>\n",
       "      <td>12.0</td>\n",
       "      <td>17.3</td>\n",
       "      <td>12.9</td>\n",
       "      <td>15.2</td>\n",
       "    </tr>\n",
       "    <tr>\n",
       "      <th>4</th>\n",
       "      <td>9.1</td>\n",
       "      <td>17.2</td>\n",
       "      <td>12.4</td>\n",
       "      <td>0.0</td>\n",
       "      <td>12.7</td>\n",
       "      <td>11.0</td>\n",
       "      <td>18.0</td>\n",
       "      <td>15.3</td>\n",
       "      <td>5.5</td>\n",
       "      <td>8.8</td>\n",
       "    </tr>\n",
       "    <tr>\n",
       "      <th>5</th>\n",
       "      <td>4.2</td>\n",
       "      <td>6.1</td>\n",
       "      <td>18.5</td>\n",
       "      <td>12.7</td>\n",
       "      <td>0.0</td>\n",
       "      <td>9.5</td>\n",
       "      <td>6.5</td>\n",
       "      <td>3.2</td>\n",
       "      <td>8.2</td>\n",
       "      <td>3.9</td>\n",
       "    </tr>\n",
       "    <tr>\n",
       "      <th>6</th>\n",
       "      <td>6.9</td>\n",
       "      <td>6.2</td>\n",
       "      <td>9.0</td>\n",
       "      <td>11.0</td>\n",
       "      <td>9.5</td>\n",
       "      <td>0.0</td>\n",
       "      <td>7.0</td>\n",
       "      <td>8.3</td>\n",
       "      <td>5.5</td>\n",
       "      <td>6.2</td>\n",
       "    </tr>\n",
       "    <tr>\n",
       "      <th>7</th>\n",
       "      <td>10.5</td>\n",
       "      <td>0.8</td>\n",
       "      <td>12.0</td>\n",
       "      <td>18.0</td>\n",
       "      <td>6.5</td>\n",
       "      <td>7.0</td>\n",
       "      <td>0.0</td>\n",
       "      <td>5.3</td>\n",
       "      <td>12.5</td>\n",
       "      <td>10.2</td>\n",
       "    </tr>\n",
       "    <tr>\n",
       "      <th>8</th>\n",
       "      <td>7.4</td>\n",
       "      <td>4.9</td>\n",
       "      <td>17.3</td>\n",
       "      <td>15.3</td>\n",
       "      <td>3.2</td>\n",
       "      <td>8.3</td>\n",
       "      <td>5.3</td>\n",
       "      <td>0.0</td>\n",
       "      <td>9.8</td>\n",
       "      <td>7.1</td>\n",
       "    </tr>\n",
       "    <tr>\n",
       "      <th>9</th>\n",
       "      <td>5.6</td>\n",
       "      <td>11.7</td>\n",
       "      <td>12.9</td>\n",
       "      <td>5.5</td>\n",
       "      <td>8.2</td>\n",
       "      <td>5.5</td>\n",
       "      <td>12.5</td>\n",
       "      <td>9.8</td>\n",
       "      <td>0.0</td>\n",
       "      <td>4.9</td>\n",
       "    </tr>\n",
       "    <tr>\n",
       "      <th>10</th>\n",
       "      <td>0.7</td>\n",
       "      <td>9.6</td>\n",
       "      <td>15.2</td>\n",
       "      <td>8.8</td>\n",
       "      <td>3.9</td>\n",
       "      <td>6.2</td>\n",
       "      <td>10.2</td>\n",
       "      <td>7.1</td>\n",
       "      <td>4.9</td>\n",
       "      <td>0.0</td>\n",
       "    </tr>\n",
       "  </tbody>\n",
       "</table>\n",
       "</div>"
      ],
      "text/plain": [
       "user_id    1     2     3     4     5     6     7     8     9     10\n",
       "user_id                                                            \n",
       "1         0.0   9.9  15.9   9.1   4.2   6.9  10.5   7.4   5.6   0.7\n",
       "2         9.9   0.0  12.4  17.2   6.1   6.2   0.8   4.9  11.7   9.6\n",
       "3        15.9  12.4   0.0  12.4  18.5   9.0  12.0  17.3  12.9  15.2\n",
       "4         9.1  17.2  12.4   0.0  12.7  11.0  18.0  15.3   5.5   8.8\n",
       "5         4.2   6.1  18.5  12.7   0.0   9.5   6.5   3.2   8.2   3.9\n",
       "6         6.9   6.2   9.0  11.0   9.5   0.0   7.0   8.3   5.5   6.2\n",
       "7        10.5   0.8  12.0  18.0   6.5   7.0   0.0   5.3  12.5  10.2\n",
       "8         7.4   4.9  17.3  15.3   3.2   8.3   5.3   0.0   9.8   7.1\n",
       "9         5.6  11.7  12.9   5.5   8.2   5.5  12.5   9.8   0.0   4.9\n",
       "10        0.7   9.6  15.2   8.8   3.9   6.2  10.2   7.1   4.9   0.0"
      ]
     },
     "execution_count": 11,
     "metadata": {},
     "output_type": "execute_result"
    }
   ],
   "source": [
    "dm_to_df(dd1, df[\"user_id\"])"
   ]
  },
  {
   "cell_type": "code",
   "execution_count": 12,
   "metadata": {},
   "outputs": [
    {
     "data": {
      "text/html": [
       "<div>\n",
       "<style scoped>\n",
       "    .dataframe tbody tr th:only-of-type {\n",
       "        vertical-align: middle;\n",
       "    }\n",
       "\n",
       "    .dataframe tbody tr th {\n",
       "        vertical-align: top;\n",
       "    }\n",
       "\n",
       "    .dataframe thead th {\n",
       "        text-align: right;\n",
       "    }\n",
       "</style>\n",
       "<table border=\"1\" class=\"dataframe\">\n",
       "  <thead>\n",
       "    <tr style=\"text-align: right;\">\n",
       "      <th>user_id</th>\n",
       "      <th>1</th>\n",
       "      <th>2</th>\n",
       "      <th>3</th>\n",
       "      <th>4</th>\n",
       "      <th>5</th>\n",
       "      <th>6</th>\n",
       "      <th>7</th>\n",
       "      <th>8</th>\n",
       "      <th>9</th>\n",
       "      <th>10</th>\n",
       "    </tr>\n",
       "    <tr>\n",
       "      <th>user_id</th>\n",
       "      <th></th>\n",
       "      <th></th>\n",
       "      <th></th>\n",
       "      <th></th>\n",
       "      <th></th>\n",
       "      <th></th>\n",
       "      <th></th>\n",
       "      <th></th>\n",
       "      <th></th>\n",
       "      <th></th>\n",
       "    </tr>\n",
       "  </thead>\n",
       "  <tbody>\n",
       "    <tr>\n",
       "      <th>1</th>\n",
       "      <td>0.0</td>\n",
       "      <td>9.9</td>\n",
       "      <td>15.9</td>\n",
       "      <td>9.1</td>\n",
       "      <td>4.2</td>\n",
       "      <td>6.9</td>\n",
       "      <td>10.5</td>\n",
       "      <td>7.4</td>\n",
       "      <td>5.6</td>\n",
       "      <td>0.7</td>\n",
       "    </tr>\n",
       "    <tr>\n",
       "      <th>2</th>\n",
       "      <td>9.9</td>\n",
       "      <td>0.0</td>\n",
       "      <td>12.4</td>\n",
       "      <td>17.2</td>\n",
       "      <td>6.1</td>\n",
       "      <td>6.2</td>\n",
       "      <td>0.8</td>\n",
       "      <td>4.9</td>\n",
       "      <td>11.7</td>\n",
       "      <td>9.6</td>\n",
       "    </tr>\n",
       "    <tr>\n",
       "      <th>3</th>\n",
       "      <td>15.9</td>\n",
       "      <td>12.4</td>\n",
       "      <td>0.0</td>\n",
       "      <td>12.4</td>\n",
       "      <td>18.5</td>\n",
       "      <td>9.0</td>\n",
       "      <td>12.0</td>\n",
       "      <td>17.3</td>\n",
       "      <td>12.9</td>\n",
       "      <td>15.2</td>\n",
       "    </tr>\n",
       "    <tr>\n",
       "      <th>4</th>\n",
       "      <td>9.1</td>\n",
       "      <td>17.2</td>\n",
       "      <td>12.4</td>\n",
       "      <td>0.0</td>\n",
       "      <td>12.7</td>\n",
       "      <td>11.0</td>\n",
       "      <td>18.0</td>\n",
       "      <td>15.3</td>\n",
       "      <td>5.5</td>\n",
       "      <td>8.8</td>\n",
       "    </tr>\n",
       "    <tr>\n",
       "      <th>5</th>\n",
       "      <td>4.2</td>\n",
       "      <td>6.1</td>\n",
       "      <td>18.5</td>\n",
       "      <td>12.7</td>\n",
       "      <td>0.0</td>\n",
       "      <td>9.5</td>\n",
       "      <td>6.5</td>\n",
       "      <td>3.2</td>\n",
       "      <td>8.2</td>\n",
       "      <td>3.9</td>\n",
       "    </tr>\n",
       "    <tr>\n",
       "      <th>6</th>\n",
       "      <td>6.9</td>\n",
       "      <td>6.2</td>\n",
       "      <td>9.0</td>\n",
       "      <td>11.0</td>\n",
       "      <td>9.5</td>\n",
       "      <td>0.0</td>\n",
       "      <td>7.0</td>\n",
       "      <td>8.3</td>\n",
       "      <td>5.5</td>\n",
       "      <td>6.2</td>\n",
       "    </tr>\n",
       "    <tr>\n",
       "      <th>7</th>\n",
       "      <td>10.5</td>\n",
       "      <td>0.8</td>\n",
       "      <td>12.0</td>\n",
       "      <td>18.0</td>\n",
       "      <td>6.5</td>\n",
       "      <td>7.0</td>\n",
       "      <td>0.0</td>\n",
       "      <td>5.3</td>\n",
       "      <td>12.5</td>\n",
       "      <td>10.2</td>\n",
       "    </tr>\n",
       "    <tr>\n",
       "      <th>8</th>\n",
       "      <td>7.4</td>\n",
       "      <td>4.9</td>\n",
       "      <td>17.3</td>\n",
       "      <td>15.3</td>\n",
       "      <td>3.2</td>\n",
       "      <td>8.3</td>\n",
       "      <td>5.3</td>\n",
       "      <td>0.0</td>\n",
       "      <td>9.8</td>\n",
       "      <td>7.1</td>\n",
       "    </tr>\n",
       "    <tr>\n",
       "      <th>9</th>\n",
       "      <td>5.6</td>\n",
       "      <td>11.7</td>\n",
       "      <td>12.9</td>\n",
       "      <td>5.5</td>\n",
       "      <td>8.2</td>\n",
       "      <td>5.5</td>\n",
       "      <td>12.5</td>\n",
       "      <td>9.8</td>\n",
       "      <td>0.0</td>\n",
       "      <td>4.9</td>\n",
       "    </tr>\n",
       "    <tr>\n",
       "      <th>10</th>\n",
       "      <td>0.7</td>\n",
       "      <td>9.6</td>\n",
       "      <td>15.2</td>\n",
       "      <td>8.8</td>\n",
       "      <td>3.9</td>\n",
       "      <td>6.2</td>\n",
       "      <td>10.2</td>\n",
       "      <td>7.1</td>\n",
       "      <td>4.9</td>\n",
       "      <td>0.0</td>\n",
       "    </tr>\n",
       "  </tbody>\n",
       "</table>\n",
       "</div>"
      ],
      "text/plain": [
       "user_id    1     2     3     4     5     6     7     8     9     10\n",
       "user_id                                                            \n",
       "1         0.0   9.9  15.9   9.1   4.2   6.9  10.5   7.4   5.6   0.7\n",
       "2         9.9   0.0  12.4  17.2   6.1   6.2   0.8   4.9  11.7   9.6\n",
       "3        15.9  12.4   0.0  12.4  18.5   9.0  12.0  17.3  12.9  15.2\n",
       "4         9.1  17.2  12.4   0.0  12.7  11.0  18.0  15.3   5.5   8.8\n",
       "5         4.2   6.1  18.5  12.7   0.0   9.5   6.5   3.2   8.2   3.9\n",
       "6         6.9   6.2   9.0  11.0   9.5   0.0   7.0   8.3   5.5   6.2\n",
       "7        10.5   0.8  12.0  18.0   6.5   7.0   0.0   5.3  12.5  10.2\n",
       "8         7.4   4.9  17.3  15.3   3.2   8.3   5.3   0.0   9.8   7.1\n",
       "9         5.6  11.7  12.9   5.5   8.2   5.5  12.5   9.8   0.0   4.9\n",
       "10        0.7   9.6  15.2   8.8   3.9   6.2  10.2   7.1   4.9   0.0"
      ]
     },
     "execution_count": 12,
     "metadata": {},
     "output_type": "execute_result"
    }
   ],
   "source": [
    "dm_to_df(dd1, df[\"user_id\"])"
   ]
  },
  {
   "cell_type": "code",
   "execution_count": 13,
   "metadata": {},
   "outputs": [],
   "source": [
    "import matplotlib.pyplot as plt\n",
    "from mpl_toolkits.mplot3d import Axes3D"
   ]
  },
  {
   "cell_type": "code",
   "execution_count": 14,
   "metadata": {},
   "outputs": [
    {
     "data": {
      "text/plain": [
       "<mpl_toolkits.mplot3d.art3d.Path3DCollection at 0x24fe7014910>"
      ]
     },
     "execution_count": 14,
     "metadata": {},
     "output_type": "execute_result"
    },
    {
     "data": {
